Time/(s)	Counts
0	76
1	68
2	68
3	80
4	68
5	67
6	56
7	81
8	74
9	73
10	73
11	65
12	80
13	65
14	74
15	75
16	79
17	121
18	66
19	77
20	89
21	61
22	71
23	73
24	71
25	78
26	77
27	89
28	65
29	66
30	75
31	71
32	72
33	77
34	63
35	56
36	55
37	57
38	72
39	67
40	60
41	74
42	69
43	83
44	66
45	73
46	82
47	69
48	79
49	78
50	67
51	63
52	65
53	62
54	71
55	62
56	88
57	77
58	65
59	75
60	81
61	78
62	61
63	85
64	56
65	74
66	73
67	68
68	68
69	71
70	70
71	67
72	67
73	78
74	80
75	71
76	86
77	65
78	69
79	78
80	68
81	78
82	67
83	80
84	59
85	58
86	76
87	54
88	87
89	71
90	69
91	79
92	65
93	71
94	82
95	77
96	64
97	65
98	73
99	79
100	75
101	78
102	79
103	75
104	69
105	59
106	87
107	69
108	72
109	78
110	90
111	72
112	77
113	65
114	83
115	65
116	68
117	63
118	77
119	65
120	99
121	78
122	73
123	66
124	65
125	73
126	52
127	66
128	86
129	71
130	63
131	70
132	70
133	73
134	70
135	81
136	74
137	65
138	69
139	69
140	77
141	67
142	76
143	94
144	63
145	74
146	78
147	72
148	84
149	90
150	84
151	73
152	66
153	79
154	72
155	65
156	73
157	68
158	74
159	71
160	76
161	88
162	67
163	70
164	70
165	71
166	63
167	79
168	69
169	71
170	67
171	80
172	59
173	65
174	68
175	65
176	63
177	75
178	73
179	64
180	76
181	76
182	58
183	72
184	73
185	69
186	72
187	63
188	75
189	72
190	66
191	61
192	70
193	64
194	65
195	69
196	63
197	74
198	70
199	60
200	82
201	78
202	78
203	72
204	65
205	89
206	65
207	67
208	72
209	73
210	66
211	75
212	76
213	74
214	65
215	57
216	68
217	75
218	74
219	84
220	72
221	74
222	72
223	90
224	75
225	69
226	74
227	79
228	73
229	76
230	71
231	68
232	67
233	68
234	63
235	69
236	73
237	79
238	66
239	79
240	61
241	71
242	81
243	76
244	62
245	73
246	85
247	55
248	69
249	94
250	78
251	72
252	74
253	77
254	71
255	72
256	73
257	75
258	75
259	74
260	67
261	81
262	84
263	75
264	73
265	72
266	71
267	78
268	73
269	67
270	70
271	59
272	58
273	65
274	69
275	71
276	77
277	78
278	65
279	59
280	68
281	69
282	77
283	79
284	81
285	59
286	63
287	75
288	82
289	44
290	79
291	65
292	83
293	75
294	70
295	65
296	80
297	74
298	77
299	75
