Time/(s)	Counts
0	44
1	57
2	49
3	47
4	44
5	48
6	62
7	56
8	45
9	47
10	44
11	50
12	101
13	83
14	44
15	50
16	49
17	55
18	57
19	50
20	48
21	43
22	47
23	43
24	47
25	50
26	55
27	65
28	59
29	59
30	49
31	43
32	61
33	46
34	41
35	36
36	48
37	46
38	45
39	46
40	48
41	40
42	40
43	38
44	58
45	54
46	49
47	43
48	44
49	58
50	35
51	49
52	44
53	59
54	46
55	48
56	44
57	46
58	42
59	58
60	47
61	101
62	50
63	46
64	38
65	45
66	50
67	63
68	51
69	55
70	51
71	51
72	49
73	52
74	49
75	44
76	39
77	41
78	56
79	43
80	52
81	51
82	56
83	109
84	58
85	53
86	66
87	38
88	44
89	46
90	45
91	48
92	59
93	39
94	70
95	46
96	56
97	57
98	47
99	54
100	88
101	48
102	58
103	42
104	63
105	46
106	50
107	45
108	58
109	48
110	56
111	67
112	49
113	44
114	56
115	38
116	31
117	41
118	37
119	56
120	46
121	52
122	50
123	55
124	46
125	59
126	41
127	37
128	52
129	51
130	47
131	71
132	59
133	49
134	47
135	40
136	60
137	38
138	46
139	49
140	37
141	47
142	41
143	57
144	45
145	39
146	49
147	47
148	63
149	73
150	52
151	53
152	51
153	42
154	44
155	56
156	56
157	55
158	52
159	62
160	49
161	63
162	47
163	48
164	45
165	50
166	44
167	40
168	55
169	50
170	33
171	43
172	49
173	59
174	52
175	51
176	43
177	51
178	54
179	60
180	35
181	61
182	49
183	58
184	49
185	54
186	53
187	47
188	43
189	56
190	43
191	61
192	47
193	57
194	53
195	45
196	52
197	51
198	59
199	52
200	53
201	66
202	60
203	47
204	57
205	43
206	59
207	44
208	48
209	45
210	59
211	43
212	48
213	59
214	46
215	48
216	42
217	55
218	49
219	41
220	49
221	40
222	40
223	44
224	56
225	44
226	38
227	52
228	54
229	52
230	45
231	62
232	55
233	39
234	44
235	53
236	55
237	60
238	57
239	50
240	46
241	44
242	56
243	50
244	44
245	63
246	53
247	47
248	46
249	39
250	48
251	52
252	44
253	49
254	53
255	54
256	42
257	58
258	39
259	44
260	46
261	55
262	50
263	39
264	51
265	45
266	47
267	41
268	53
269	47
270	47
271	57
272	50
273	39
274	46
275	50
276	61
277	41
278	45
279	41
280	57
281	49
282	59
283	41
284	47
285	49
286	45
287	51
288	39
289	36
290	53
291	53
292	40
293	38
294	54
295	45
296	40
297	49
298	58
299	53
