Time/(s)	Counts
0	64
1	59
2	60
3	56
4	63
5	74
6	65
7	62
8	54
9	79
10	45
11	70
12	62
13	63
14	67
15	56
16	70
17	61
18	59
19	47
20	70
21	66
22	56
23	53
24	72
25	66
26	61
27	55
28	57
29	67
30	72
31	61
32	47
33	49
34	66
35	65
36	55
37	63
38	69
39	67
40	58
41	53
42	62
43	43
44	58
45	71
46	75
47	78
48	57
49	49
50	64
51	70
52	55
53	63
54	56
55	71
56	66
57	56
58	75
59	52
60	61
61	115
62	49
63	75
64	68
65	62
66	66
67	75
68	54
69	57
70	75
71	57
72	59
73	70
74	115
75	68
76	54
77	52
78	61
79	63
80	64
81	83
82	67
83	68
84	63
85	66
86	60
87	69
88	77
89	48
90	54
91	45
92	51
93	70
94	66
95	61
96	73
97	75
98	71
99	63
100	65
101	63
102	70
103	68
104	65
105	52
106	60
107	69
108	50
109	61
110	71
111	53
112	75
113	72
114	73
115	61
116	72
117	64
118	56
119	72
120	66
121	57
122	50
123	50
124	59
125	81
126	58
127	77
128	73
129	78
130	61
131	63
132	58
133	60
134	70
135	65
136	64
137	61
138	56
139	57
140	57
141	70
142	63
143	55
144	70
145	69
146	56
147	57
148	48
149	64
150	65
151	68
152	70
153	66
154	60
155	69
156	75
157	57
158	63
159	65
160	62
161	63
162	55
163	63
164	72
165	64
166	55
167	68
168	59
169	46
170	47
171	58
172	53
173	73
174	56
175	61
176	51
177	72
178	61
179	66
180	67
181	69
182	60
183	74
184	65
185	62
186	74
187	67
188	65
189	68
190	51
191	68
192	73
193	66
194	63
195	62
196	60
197	58
198	59
199	53
200	59
201	62
202	66
203	153
204	71
205	73
206	79
207	66
208	66
209	133
210	59
211	59
212	66
213	71
214	54
215	70
216	61
217	71
218	88
219	79
220	51
221	64
222	66
223	68
224	64
225	70
226	69
227	68
228	65
229	61
230	57
231	72
232	48
233	65
234	61
235	68
236	71
237	63
238	60
239	64
240	70
241	73
242	61
243	67
244	69
245	56
246	51
247	74
248	60
249	57
250	60
251	61
252	67
253	77
254	62
255	64
256	58
257	52
258	72
259	79
260	55
261	60
262	85
263	54
264	53
265	55
266	51
267	54
268	54
269	85
270	58
271	61
272	74
273	62
274	58
275	64
276	56
277	76
278	64
279	95
280	68
281	56
282	53
283	63
284	75
285	73
286	49
287	78
288	52
289	79
290	73
291	58
292	73
293	52
294	77
295	59
296	60
297	96
298	65
299	52
300	55
301	68
302	59
303	70
304	61
305	68
306	57
307	74
308	64
309	52
310	73
311	67
312	67
313	58
314	66
315	85
316	51
317	55
318	60
319	61
320	63
321	65
322	62
323	62
324	65
325	79
326	64
327	74
328	76
329	52
330	76
331	62
332	47
333	58
334	73
335	61
336	58
337	65
338	76
339	66
340	67
341	61
342	72
343	66
344	57
345	66
346	58
347	66
348	50
349	64
350	65
351	60
352	65
353	69
354	71
355	69
356	58
357	59
358	49
359	55
360	43
361	75
362	57
363	64
364	59
365	75
366	74
367	71
368	64
369	52
370	63
371	62
372	57
373	60
374	61
375	60
376	57
377	62
378	72
379	62
380	66
381	60
382	58
383	60
384	75
385	62
386	68
387	56
388	71
389	62
390	47
391	64
392	62
393	68
394	66
395	80
396	61
397	71
398	41
399	62
