Rate/(1/s)	Counts
0	0
1	0
2	0
3	0
4	0
5	0
6	0
7	0
8	0
9	0
10	0
11	0
12	0
13	0
14	0
15	0
16	0
17	0
18	0
19	0
20	0
21	0
22	0
23	0
24	0
25	0
26	0
27	0
28	0
29	0
30	0
31	0
32	0
33	0
34	0
35	0
36	0
37	0
38	0
39	0
40	0
41	1
42	0
43	2
44	0
45	2
46	1
47	5
48	3
49	5
50	4
51	7
52	10
53	7
54	8
55	11
56	13
57	16
58	16
59	13
60	18
61	24
62	20
63	18
64	19
65	17
66	23
67	11
68	16
69	10
70	15
71	12
72	11
73	12
74	8
75	12
76	4
77	4
78	3
79	6
80	1
81	1
82	0
83	1
84	0
85	3
86	0
87	0
88	1
89	0
90	0
91	0
92	0
93	0
94	0
95	1
96	1
97	0
98	0
99	0
100	0
101	0
102	0
103	0
104	0
105	0
106	0
107	0
108	0
109	0
110	0
111	0
112	0
113	0
114	0
115	2
116	0
117	0
118	0
119	0
120	0
121	0
122	0
123	0
124	0
125	0
126	0
127	0
128	0
129	0
130	0
131	0
132	0
133	1
134	0
135	0
136	0
137	0
138	0
139	0
140	0
141	0
142	0
143	0
144	0
145	0
146	0
147	0
148	0
149	0
150	0
151	0
152	0
153	1
154	0
