Rate/(1/s)	Counts
0	0
1	0
2	0
3	0
4	0
5	0
6	0
7	0
8	0
9	0
10	0
11	0
12	0
13	0
14	0
15	0
16	0
17	0
18	0
19	0
20	0
21	0
22	0
23	0
24	0
25	0
26	0
27	0
28	0
29	0
30	0
31	0
32	0
33	0
34	0
35	0
36	0
37	0
38	0
39	0
40	0
41	0
42	0
43	0
44	0
45	0
46	0
47	1
48	3
49	2
50	1
51	2
52	2
53	2
54	5
55	3
56	11
57	4
58	7
59	11
60	7
61	12
62	12
63	17
64	12
65	9
66	13
67	19
68	13
69	15
70	17
71	12
72	12
73	7
74	11
75	16
76	5
77	10
78	3
79	6
80	2
81	1
82	4
83	2
84	0
85	1
86	1
87	1
88	1
89	0
90	1
91	1
92	1
93	0
94	0
95	0
96	0
97	0
98	0
99	0
100	0
101	0
102	0
103	0
104	0
105	0
106	0
107	0
108	0
109	0
110	0
111	0
112	0
113	0
114	0
115	0
116	0
117	0
118	0
119	0
120	0
121	0
122	0
123	0
124	0
125	0
126	1
127	0
128	0
129	0
130	0
131	0
132	0
133	0
134	0
135	0
136	0
137	0
138	0
139	0
140	0
141	0
142	0
143	0
144	0
145	0
146	1
147	0
