Height/(arb.u)	Counts
0	6565
0.005	6595
0.01	6532
0.015	6398
0.02	6366
0.025	6291
0.03	6414
0.035	6317
0.04	6218
0.045	6276
0.05	6127
0.055	6071
0.06	5944
0.065	5901
0.07	5966
0.075	5798
0.08	5822
0.085	5753
0.09	5682
0.095	5589
0.1	5519
0.105	5581
0.11	5374
0.115	5438
0.12	5407
0.125	5256
0.13	5297
0.135	5190
0.14	5083
0.145	5029
0.15	5050
0.155	4956
0.16	4950
0.165	4902
0.17	4885
0.175	4855
0.18	4793
0.185	4688
0.19	4784
0.195	4697
0.2	4596
0.205	4563
0.21	4503
0.215	4531
0.22	4469
0.225	4470
0.23	4388
0.235	4469
0.24	4305
0.245	4392
0.25	4136
0.255	4372
0.26	4158
0.265	4183
0.27	4243
0.275	4152
0.28	4252
0.285	4232
0.29	4121
0.295	4184
0.3	4133
0.305	3956
0.31	3937
0.315	4031
0.32	4086
0.325	4029
0.33	4219
0.335	4056
0.34	4041
0.345	4035
0.35	4064
0.355	4108
0.36	3976
0.365	4073
0.37	3922
0.375	4000
0.38	4111
0.385	3992
0.39	3972
0.395	4112
0.4	4093
0.405	4199
0.41	4109
0.415	4179
0.42	4086
0.425	4172
0.43	4107
0.435	4078
0.44	4130
0.445	4181
0.45	4149
0.455	4118
0.46	4102
0.465	4054
0.47	4233
0.475	4186
0.48	4268
0.485	4249
0.49	4231
0.495	4250
0.5	4156
0.505	4236
0.51	4267
0.515	4241
0.52	4260
0.525	4247
0.53	4291
0.535	4261
0.54	4312
0.545	4294
0.55	4244
0.555	4353
0.56	4339
0.565	4401
0.57	4326
0.575	4421
0.58	4250
0.585	4378
0.59	4322
0.595	4294
0.6	4440
0.605	4418
0.61	4405
0.615	4341
0.62	4414
0.625	4393
0.63	4361
0.635	4454
0.64	4365
0.645	4471
0.65	4289
0.655	4281
0.66	4326
0.665	4424
0.67	4394
0.675	4400
0.68	4338
0.685	4279
0.69	4333
0.695	4338
0.7	4289
0.705	4311
0.71	4233
0.715	4224
0.72	4334
0.725	4115
0.73	4168
0.735	4189
0.74	4134
0.745	4091
0.75	4085
0.755	4152
0.76	4027
0.765	4131
0.77	4072
0.775	3994
0.78	4000
0.785	3928
0.79	3975
0.795	3777
0.8	3978
0.805	4021
0.81	3921
0.815	3830
0.82	3816
0.825	3710
0.83	3751
0.835	3705
0.84	3667
0.845	3631
0.85	3636
0.855	3615
0.86	3487
0.865	3586
0.87	3466
0.875	3404
0.88	3415
0.885	3341
0.89	3332
0.895	3292
0.9	3253
0.905	3286
0.91	3209
0.915	3212
0.92	3150
0.925	3166
0.93	3049
0.935	3060
0.94	2992
0.945	2993
0.95	2884
0.955	2926
0.96	2920
0.965	2867
0.97	2743
0.975	2696
0.98	2698
0.985	2669
0.99	2717
0.995	2618
1	2513
1.005	2554
1.01	2493
1.015	2471
1.02	2377
1.025	2355
1.03	2333
1.035	2353
1.04	2351
1.045	2147
1.05	2214
1.055	2139
1.06	2120
1.065	2049
1.07	2097
1.075	2056
1.08	1985
1.085	1925
1.09	1876
1.095	1835
1.1	1866
1.105	1821
1.11	1784
1.115	1737
1.12	1734
1.125	1685
1.13	1636
1.135	1582
1.14	1635
1.145	1662
1.15	1596
1.155	1518
1.16	1477
1.165	1408
1.17	1355
1.175	1426
1.18	1442
1.185	1324
1.19	1304
1.195	1348
1.2	1263
1.205	1249
1.21	1278
1.215	1186
1.22	1188
1.225	1123
1.23	1152
1.235	1079
1.24	1048
1.245	1094
1.25	1020
1.255	985
1.26	977
1.265	938
1.27	965
1.275	935
1.28	885
1.285	888
1.29	825
1.295	825
1.3	870
1.305	840
1.31	822
1.315	791
1.32	759
1.325	743
1.33	768
1.335	662
1.34	690
1.345	706
1.35	693
1.355	653
1.36	647
1.365	564
1.37	574
1.375	606
1.38	596
1.385	569
1.39	530
1.395	514
1.4	566
1.405	537
1.41	453
1.415	480
1.42	456
1.425	487
1.43	436
1.435	453
1.44	436
1.445	417
1.45	427
1.455	425
1.46	404
1.465	344
1.47	365
1.475	380
1.48	348
1.485	379
1.49	388
1.495	337
1.5	343
1.505	340
1.51	292
1.515	286
1.52	257
1.525	320
1.53	267
1.535	231
1.54	254
1.545	271
1.55	252
1.555	244
1.56	235
1.565	205
1.57	227
1.575	205
1.58	216
1.585	242
1.59	213
1.595	206
1.6	200
1.605	182
1.61	222
1.615	191
1.62	198
1.625	174
1.63	166
1.635	179
1.64	158
1.645	165
1.65	152
1.655	165
1.66	134
1.665	153
1.67	114
1.675	129
1.68	143
1.685	152
1.69	141
1.695	129
1.7	133
1.705	116
1.71	122
1.715	121
1.72	117
1.725	114
1.73	113
1.735	112
1.74	88
1.745	108
1.75	108
1.755	67
1.76	88
1.765	92
1.77	76
1.775	84
1.78	72
1.785	86
1.79	82
1.795	79
1.8	74
1.805	76
1.81	80
1.815	74
1.82	69
1.825	59
1.83	66
1.835	61
1.84	54
1.845	57
1.85	66
1.855	52
1.86	57
1.865	47
1.87	54
1.875	53
1.88	44
1.885	56
1.89	35
1.895	57
1.9	56
1.905	50
1.91	54
1.915	52
1.92	56
1.925	49
1.93	45
1.935	42
1.94	48
1.945	39
1.95	40
1.955	38
1.96	38
1.965	42
1.97	34
1.975	34
1.98	36
1.985	33
1.99	28
1.995	32
2	24
2.005	33
2.01	23
2.015	26
2.02	26
2.025	21
2.03	24
2.035	27
2.04	29
2.045	23
2.05	24
2.055	27
2.06	26
2.065	27
2.07	22
2.075	32
2.08	24
2.085	16
2.09	26
2.095	25
2.1	24
2.105	17
2.11	28
2.115	25
2.12	19
2.125	20
2.13	19
2.135	25
2.14	22
2.145	21
2.15	20
2.155	11
2.16	24
2.165	17
2.17	21
2.175	17
2.18	18
2.185	19
2.19	19
2.195	15
2.2	14
2.205	14
2.21	14
2.215	13
2.22	10
2.225	18
2.23	12
2.235	16
2.24	9
2.245	10
2.25	17
2.255	13
2.26	9
2.265	10
2.27	19
2.275	13
2.28	14
2.285	22
2.29	15
2.295	18
2.3	12
2.305	15
2.31	10
2.315	16
2.32	10
2.325	16
2.33	12
2.335	14
2.34	11
2.345	10
2.35	9
2.355	11
2.36	12
2.365	16
2.37	16
2.375	14
2.38	3
2.385	11
2.39	11
2.395	11
2.4	13
2.405	15
2.41	6
2.415	12
2.42	13
2.425	12
2.43	8
2.435	14
2.44	19
2.445	14
2.45	13
2.455	7
2.46	9
2.465	10
2.47	7
2.475	9
2.48	9
2.485	10
2.49	15
2.495	5
2.5	8
2.505	5
2.51	9
2.515	7
2.52	6
2.525	13
2.53	6
2.535	11
2.54	9
2.545	8
2.55	3
2.555	7
2.56	4
2.565	14
2.57	11
2.575	9
2.58	9
2.585	6
2.59	2
2.595	17
2.6	7
2.605	9
2.61	10
2.615	9
2.62	8
2.625	9
2.63	5
2.635	7
2.64	10
2.645	9
2.65	14
2.655	4
2.66	6
2.665	9
2.67	5
2.675	12
2.68	6
2.685	5
2.69	7
2.695	8
2.7	8
2.705	4
2.71	8
2.715	9
2.72	8
2.725	9
2.73	5
2.735	9
2.74	4
2.745	3
2.75	7
2.755	5
2.76	6
2.765	2
2.77	5
2.775	10
2.78	5
2.785	6
2.79	7
2.795	6
2.8	4
2.805	6
2.81	9
2.815	6
2.82	4
2.825	4
2.83	2
2.835	5
2.84	3
2.845	5
2.85	5
2.855	4
2.86	2
2.865	4
2.87	3
2.875	1
2.88	4
2.885	4
2.89	1
2.895	3
2.9	4
2.905	6
2.91	6
2.915	2
2.92	3
2.925	6
2.93	5
2.935	8
2.94	12
2.945	7
2.95	8
2.955	2
2.96	4
2.965	3
2.97	8
2.975	4
2.98	5
2.985	10
2.99	5
2.995	9
3	11
3.005	11
3.01	4
3.015	5
3.02	6
3.025	4
3.03	4
3.035	8
3.04	5
3.045	2
3.05	4
3.055	3
3.06	3
3.065	6
3.07	5
3.075	5
3.08	7
3.085	5
3.09	10
3.095	5
3.1	4
3.105	5
3.11	6
3.115	5
3.12	1
3.125	3
3.13	4
3.135	4
3.14	4
3.145	4
3.15	2
3.155	9
3.16	4
3.165	5
3.17	8
3.175	9
3.18	7
3.185	9
3.19	4
3.195	6
3.2	4
3.205	5
3.21	4
3.215	4
3.22	4
3.225	5
3.23	3
3.235	2
3.24	4
3.245	3
3.25	2
3.255	5
3.26	3
3.265	5
3.27	0
3.275	5
3.28	4
3.285	5
3.29	4
3.295	5
3.3	1
3.305	4
3.31	5
3.315	5
3.32	6
3.325	11
3.33	2
3.335	7
3.34	7
3.345	6
3.35	0
3.355	5
3.36	8
3.365	2
3.37	5
3.375	3
3.38	5
3.385	5
3.39	6
3.395	5
3.4	4
3.405	1
3.41	0
3.415	2
3.42	1
3.425	5
3.43	6
3.435	5
3.44	4
3.445	5
3.45	6
3.455	4
3.46	4
3.465	7
3.47	7
3.475	4
3.48	3
3.485	2
3.49	5
3.495	4
3.5	3
3.505	5
3.51	2
3.515	4
3.52	7
3.525	4
3.53	4
3.535	4
3.54	7
3.545	4
3.55	7
3.555	1
3.56	2
3.565	6
3.57	0
3.575	5
3.58	4
3.585	3
3.59	6
3.595	2
3.6	4
3.605	2
3.61	4
3.615	8
3.62	2
3.625	4
3.63	2
3.635	5
3.64	6
3.645	2
3.65	4
3.655	4
3.66	5
3.665	7
3.67	3
3.675	5
3.68	2
3.685	8
3.69	4
3.695	2
3.7	5
3.705	5
3.71	7
3.715	4
3.72	2
3.725	5
3.73	6
3.735	6
3.74	5
3.745	9
3.75	3
3.755	7
3.76	2
3.765	5
3.77	3
3.775	4
3.78	3
3.785	3
3.79	0
3.795	5
3.8	1
3.805	7
3.81	2
3.815	3
3.82	4
3.825	8
3.83	2
3.835	6
3.84	2
3.845	9
3.85	5
3.855	5
3.86	6
3.865	4
3.87	2
3.875	4
3.88	2
3.885	4
3.89	7
3.895	4
3.9	3
3.905	3
3.91	7
3.915	6
3.92	4
3.925	4
3.93	3
3.935	6
3.94	6
3.945	6
3.95	3
3.955	7
3.96	4
3.965	7
3.97	4
3.975	1
3.98	5
3.985	4
3.99	4
3.995	2
4	6
4.005	3
4.01	2
4.015	2
4.02	4
4.025	3
4.03	4
4.035	3
4.04	7
4.045	4
4.05	1
4.055	3
4.06	4
4.065	7
4.07	3
4.075	6
4.08	2
4.085	4
4.09	4
4.095	1
4.1	4
4.105	3
4.11	6
4.115	1
4.12	3
4.125	6
4.13	4
4.135	2
4.14	2
4.145	5
4.15	5
4.155	2
4.16	3
4.165	2
4.17	4
4.175	2
4.18	1
4.185	4
4.19	4
4.195	4
4.2	4
4.205	4
4.21	5
4.215	3
4.22	4
4.225	7
4.23	2
4.235	3
4.24	4
4.245	1
4.25	3
4.255	4
4.26	5
4.265	1
4.27	3
4.275	4
4.28	1
4.285	3
4.29	2
4.295	3
4.3	5
4.305	2
4.31	1
4.315	5
4.32	5
4.325	7
4.33	4
4.335	4
4.34	6
4.345	5
4.35	1
4.355	3
4.36	2
4.365	3
4.37	4
4.375	5
4.38	2
4.385	3
4.39	4
4.395	6
4.4	1
4.405	2
4.41	5
4.415	2
4.42	2
4.425	6
4.43	4
4.435	4
4.44	8
4.445	3
4.45	3
4.455	2
4.46	8
4.465	2
4.47	4
4.475	2
4.48	4
4.485	5
4.49	0
4.495	2
4.5	8
4.505	6
4.51	6
4.515	2
4.52	3
4.525	3
4.53	1
4.535	4
4.54	5
4.545	3
4.55	6
4.555	5
4.56	5
4.565	5
4.57	4
4.575	6
4.58	2
4.585	4
4.59	4
4.595	2
4.6	3
4.605	7
4.61	3
4.615	5
4.62	0
4.625	6
4.63	5
4.635	1
4.64	4
4.645	7
4.65	1
4.655	3
4.66	7
4.665	5
4.67	3
4.675	3
4.68	6
4.685	5
4.69	2
4.695	3
4.7	3
4.705	1
4.71	1
4.715	2
4.72	4
4.725	8
4.73	6
4.735	5
4.74	2
4.745	3
4.75	1
4.755	4
4.76	4
4.765	4
4.77	1
4.775	4
4.78	2
4.785	4
4.79	2
4.795	2
4.8	1
4.805	6
4.81	2
4.815	2
4.82	4
4.825	0
4.83	1
4.835	1
4.84	3
4.845	3
4.85	7
4.855	2
4.86	3
4.865	4
4.87	7
4.875	3
4.88	4
4.885	1
4.89	3
4.895	3
4.9	2
4.905	4
4.91	3
4.915	5
4.92	4
4.925	8
4.93	6
4.935	5
4.94	5
4.945	9
4.95	3
4.955	3
4.96	6
4.965	2
4.97	6
4.975	5
4.98	3
4.985	10
4.99	4
4.995	3
5	3
5.005	2
5.01	2
5.015	1
5.02	1
5.025	3
5.03	4
5.035	2
5.04	1
5.045	4
5.05	6
5.055	1
5.06	3
5.065	2
5.07	3
5.075	6
5.08	1
5.085	5
5.09	3
5.095	2
5.1	2
5.105	4
5.11	6
5.115	4
5.12	2
5.125	3
5.13	6
5.135	1
5.14	2
5.145	3
5.15	5
5.155	2
5.16	4
5.165	5
5.17	2
5.175	3
5.18	6
5.185	3
5.19	3
5.195	5
5.2	0
5.205	0
5.21	3
5.215	7
5.22	2
5.225	1
5.23	1
5.235	2
5.24	5
5.245	1
5.25	3
5.255	2
5.26	5
5.265	6
5.27	1
5.275	2
5.28	2
5.285	3
5.29	1
5.295	3
5.3	1
5.305	4
5.31	5
5.315	0
5.32	2
5.325	2
5.33	3
5.335	2
5.34	3
5.345	3
5.35	5
5.355	3
5.36	4
5.365	6
5.37	1
5.375	4
5.38	2
5.385	2
5.39	5
5.395	4
5.4	3
5.405	1
5.41	2
5.415	3
5.42	1
5.425	4
5.43	2
5.435	0
5.44	2
5.445	6
5.45	5
5.455	2
5.46	4
5.465	3
5.47	4
5.475	3
5.48	4
5.485	3
5.49	2
5.495	6
5.5	2
5.505	1
5.51	2
5.515	3
5.52	1
5.525	5
5.53	3
5.535	0
5.54	0
5.545	4
5.55	3
5.555	5
5.56	2
5.565	5
5.57	3
5.575	4
5.58	4
5.585	0
5.59	3
5.595	4
5.6	5
5.605	0
5.61	4
5.615	3
5.62	7
5.625	3
5.63	2
5.635	2
5.64	3
5.645	2
5.65	4
5.655	3
5.66	4
5.665	1
5.67	6
5.675	2
5.68	2
5.685	3
5.69	3
5.695	2
5.7	6
5.705	3
5.71	3
5.715	3
5.72	4
5.725	9
5.73	4
5.735	0
5.74	1
5.745	7
5.75	2
5.755	2
5.76	2
5.765	1
5.77	4
5.775	1
5.78	3
5.785	3
5.79	4
5.795	2
5.8	1
5.805	1
5.81	0
5.815	3
5.82	3
5.825	1
5.83	2
5.835	2
5.84	2
5.845	3
5.85	4
5.855	1
5.86	1
5.865	4
5.87	5
5.875	2
5.88	2
5.885	4
5.89	2
5.895	3
5.9	0
5.905	1
5.91	2
5.915	2
5.92	4
5.925	1
5.93	4
5.935	3
5.94	1
5.945	1
5.95	2
5.955	1
5.96	4
5.965	2
5.97	1
5.975	2
5.98	7
5.985	3
5.99	1
5.995	3
6	4
6.005	1
6.01	3
6.015	2
6.02	2
6.025	0
6.03	2
6.035	4
6.04	2
6.045	2
6.05	2
6.055	0
6.06	3
6.065	3
6.07	3
6.075	3
6.08	3
6.085	2
6.09	1
6.095	1
6.1	2
6.105	1
6.11	2
6.115	2
6.12	2
6.125	1
6.13	3
6.135	2
6.14	2
6.145	2
6.15	0
6.155	4
6.16	3
6.165	2
6.17	3
6.175	1
6.18	3
6.185	1
6.19	3
6.195	1
6.2	2
6.205	3
6.21	3
6.215	2
6.22	2
6.225	1
6.23	2
6.235	2
6.24	2
6.245	1
6.25	3
6.255	1
6.26	2
6.265	2
6.27	2
6.275	5
6.28	1
6.285	2
6.29	2
6.295	1
6.3	2
6.305	1
6.31	1
6.315	0
6.32	1
6.325	2
6.33	5
6.335	0
6.34	5
6.345	5
6.35	3
6.355	1
6.36	3
6.365	2
6.37	1
6.375	1
6.38	2
6.385	0
6.39	4
6.395	1
6.4	0
6.405	3
6.41	1
6.415	1
6.42	0
6.425	2
6.43	1
6.435	2
6.44	3
6.445	1
6.45	0
6.455	0
6.46	1
6.465	1
6.47	3
6.475	0
6.48	0
6.485	4
6.49	2
6.495	1
6.5	1
6.505	2
6.51	2
6.515	5
6.52	3
6.525	4
6.53	3
6.535	4
6.54	3
6.545	2
6.55	1
6.555	3
6.56	3
6.565	4
6.57	2
6.575	2
6.58	1
6.585	3
6.59	2
6.595	3
6.6	0
6.605	1
6.61	1
6.615	1
6.62	4
6.625	0
6.63	3
6.635	2
6.64	2
6.645	2
6.65	1
6.655	1
6.66	2
6.665	0
6.67	1
6.675	2
6.68	1
6.685	0
6.69	1
6.695	1
6.7	2
6.705	2
6.71	1
6.715	1
6.72	0
6.725	0
6.73	2
6.735	1
6.74	1
6.745	0
6.75	4
6.755	2
6.76	2
6.765	0
6.77	2
6.775	2
6.78	1
6.785	2
6.79	1
6.795	1
6.8	2
6.805	0
6.81	2
6.815	2
6.82	1
6.825	2
6.83	3
6.835	2
6.84	1
6.845	2
6.85	5
6.855	3
6.86	2
6.865	1
6.87	0
6.875	0
6.88	2
6.885	2
6.89	1
6.895	1
6.9	1
6.905	1
6.91	1
6.915	1
6.92	1
6.925	1
6.93	2
6.935	4
6.94	1
6.945	0
6.95	2
6.955	0
6.96	4
6.965	0
6.97	0
6.975	4
6.98	2
6.985	0
6.99	1
6.995	1
7	1
7.005	3
7.01	1
7.015	3
7.02	1
7.025	2
7.03	0
7.035	2
7.04	1
7.045	2
7.05	1
7.055	3
7.06	4
7.065	3
7.07	2
7.075	1
7.08	0
7.085	2
7.09	0
7.095	1
7.1	0
7.105	1
7.11	1
7.115	0
7.12	0
7.125	3
7.13	4
7.135	3
7.14	2
7.145	1
7.15	1
7.155	4
7.16	1
7.165	0
7.17	3
7.175	2
7.18	2
7.185	2
7.19	1
7.195	1
7.2	4
7.205	1
7.21	2
7.215	0
7.22	3
7.225	3
7.23	3
7.235	2
7.24	2
7.245	1
7.25	2
7.255	0
7.26	1
7.265	2
7.27	2
7.275	1
7.28	1
7.285	1
7.29	0
7.295	3
7.3	2
7.305	3
7.31	0
7.315	2
7.32	2
7.325	0
7.33	1
7.335	0
7.34	1
7.345	2
7.35	1
7.355	0
7.36	1
7.365	1
7.37	1
7.375	2
7.38	2
7.385	1
7.39	1
7.395	2
7.4	3
7.405	1
7.41	2
7.415	2
7.42	1
7.425	0
7.43	1
7.435	1
7.44	1
7.445	1
7.45	0
7.455	1
7.46	1
7.465	5
7.47	0
7.475	0
7.48	1
7.485	2
7.49	0
7.495	2
7.5	0
7.505	1
7.51	3
7.515	0
7.52	0
7.525	0
7.53	1
7.535	0
7.54	2
7.545	1
7.55	1
7.555	0
7.56	0
7.565	3
7.57	2
7.575	2
7.58	0
7.585	3
7.59	0
7.595	1
7.6	1
7.605	0
7.61	0
7.615	1
7.62	0
7.625	3
7.63	1
7.635	1
7.64	3
7.645	0
7.65	0
7.655	1
7.66	3
7.665	2
7.67	0
7.675	3
7.68	2
7.685	1
7.69	0
7.695	0
7.7	0
7.705	1
7.71	1
7.715	0
7.72	0
7.725	0
7.73	1
7.735	0
7.74	0
7.745	0
7.75	1
7.755	1
7.76	1
7.765	0
7.77	0
7.775	0
7.78	2
7.785	0
7.79	1
7.795	4
7.8	1
7.805	0
7.81	0
7.815	2
7.82	0
7.825	0
7.83	1
7.835	1
7.84	2
7.845	1
7.85	1
7.855	0
7.86	1
7.865	0
7.87	0
7.875	0
7.88	1
7.885	0
7.89	2
7.895	0
7.9	1
7.905	2
7.91	0
7.915	1
7.92	2
7.925	0
7.93	0
7.935	3
7.94	1
7.945	2
7.95	1
7.955	1
7.96	0
7.965	0
7.97	0
7.975	0
7.98	1
7.985	2
7.99	0
7.995	1
8	0
8.005	0
8.01	0
8.015	1
8.02	2
8.025	1
8.03	0
8.035	0
8.04	3
8.045	0
8.05	1
8.055	0
8.06	2
8.065	0
8.07	0
8.075	2
8.08	1
8.085	2
8.09	0
8.095	0
8.1	0
8.105	0
8.11	0
8.115	0
8.12	1
8.125	0
8.13	2
8.135	1
8.14	0
8.145	0
8.15	0
8.155	1
8.16	0
8.165	1
8.17	0
8.175	1
8.18	0
8.185	1
8.19	1
8.195	0
8.2	2
8.205	0
8.21	1
8.215	1
8.22	0
8.225	1
8.23	1
8.235	2
8.24	1
8.245	0
8.25	1
8.255	2
8.26	0
8.265	1
8.27	0
8.275	0
8.28	0
8.285	0
8.29	1
8.295	0
8.3	1
8.305	1
8.31	2
8.315	0
8.32	0
8.325	1
8.33	2
8.335	0
8.34	1
8.345	2
8.35	0
8.355	1
8.36	0
8.365	1
8.37	1
8.375	1
8.38	1
8.385	1
8.39	0
8.395	0
8.4	0
8.405	1
8.41	0
8.415	0
8.42	1
8.425	1
8.43	0
8.435	0
8.44	1
8.445	1
8.45	1
8.455	1
8.46	0
8.465	2
8.47	0
8.475	2
8.48	0
8.485	1
8.49	1
8.495	1
8.5	0
8.505	0
8.51	0
8.515	0
8.52	0
8.525	0
8.53	0
8.535	1
8.54	0
8.545	1
8.55	0
8.555	2
8.56	1
8.565	0
8.57	0
8.575	1
8.58	0
8.585	0
8.59	0
8.595	2
8.6	0
8.605	0
8.61	0
8.615	1
8.62	0
8.625	0
8.63	2
8.635	0
8.64	2
8.645	0
8.65	0
8.655	0
8.66	2
8.665	0
8.67	2
8.675	2
8.68	0
8.685	0
8.69	0
8.695	1
8.7	1
8.705	0
8.71	0
8.715	1
8.72	0
8.725	0
8.73	0
8.735	0
8.74	1
8.745	0
8.75	0
8.755	3
8.76	0
8.765	0
8.77	0
8.775	1
8.78	0
8.785	0
8.79	1
8.795	0
8.8	1
8.805	0
8.81	0
8.815	2
8.82	0
8.825	1
8.83	0
8.835	1
8.84	0
8.845	0
8.85	0
8.855	1
8.86	1
8.865	1
8.87	1
8.875	0
8.88	0
8.885	0
8.89	0
8.895	1
8.9	0
8.905	2
8.91	0
8.915	1
8.92	0
8.925	0
8.93	0
8.935	0
8.94	0
8.945	1
8.95	0
8.955	1
8.96	1
8.965	1
8.97	0
8.975	0
8.98	0
8.985	2
8.99	0
8.995	0
9	1
9.005	0
9.01	0
9.015	0
9.02	0
9.025	0
9.03	0
9.035	0
9.04	1
9.045	0
9.05	0
9.055	0
9.06	0
9.065	0
9.07	0
9.075	0
9.08	1
9.085	0
9.09	0
9.095	2
9.1	1
9.105	1
9.11	2
9.115	2
9.12	1
9.125	0
9.13	0
9.135	0
9.14	0
9.145	1
9.15	0
9.155	1
9.16	0
9.165	0
9.17	0
9.175	0
9.18	1
9.185	1
9.19	1
9.195	0
9.2	0
9.205	0
9.21	1
9.215	0
9.22	0
9.225	0
9.23	1
9.235	0
9.24	1
9.245	2
9.25	1
9.255	1
9.26	0
9.265	0
9.27	0
9.275	1
9.28	0
9.285	0
9.29	0
9.295	0
9.3	0
9.305	0
9.31	0
9.315	0
9.32	0
9.325	0
9.33	0
9.335	0
9.34	0
9.345	0
9.35	0
9.355	0
9.36	0
9.365	0
9.37	1
9.375	1
9.38	1
9.385	0
9.39	1
9.395	0
9.4	0
9.405	0
9.41	0
9.415	1
9.42	0
9.425	0
9.43	0
9.435	0
9.44	0
9.445	1
9.45	0
9.455	0
9.46	0
9.465	0
9.47	0
9.475	0
9.48	0
9.485	1
9.49	0
9.495	0
9.5	0
9.505	0
9.51	0
9.515	0
9.52	0
9.525	0
9.53	1
9.535	2
9.54	0
9.545	2
9.55	0
9.555	0
9.56	0
9.565	0
9.57	1
9.575	0
9.58	0
9.585	1
9.59	0
9.595	1
9.6	0
9.605	0
9.61	0
9.615	0
9.62	0
9.625	0
9.63	1
9.635	0
9.64	0
9.645	0
9.65	0
9.655	0
9.66	0
9.665	0
9.67	0
9.675	0
9.68	0
9.685	1
9.69	2
9.695	0
9.7	1
9.705	0
9.71	0
9.715	0
9.72	0
9.725	0
9.73	0
9.735	0
9.74	0
9.745	0
9.75	1
9.755	0
9.76	1
9.765	1
9.77	0
9.775	0
9.78	0
9.785	0
9.79	0
9.795	1
9.8	1
9.805	0
9.81	0
9.815	0
9.82	0
9.825	0
9.83	0
9.835	0
9.84	0
9.845	1
9.85	0
9.855	1
9.86	1
9.865	0
9.87	0
9.875	2
9.88	0
9.885	0
9.89	0
9.895	0
9.9	0
9.905	0
9.91	0
9.915	1
9.92	0
9.925	0
9.93	0
9.935	0
9.94	0
9.945	0
9.95	0
9.955	0
9.96	0
9.965	0
9.97	0
9.975	0
9.98	0
9.985	0
9.99	1
9.995	1
10	0
10.005	0
10.01	0
10.015	0
10.02	0
10.025	1
10.03	0
10.035	0
10.04	0
10.045	0
10.05	0
10.055	0
10.06	0
10.065	1
10.07	0
10.075	1
10.08	0
10.085	0
10.09	0
10.095	0
10.1	0
10.105	1
10.11	0
10.115	0
10.12	0
10.125	0
10.13	0
10.135	0
10.14	0
10.145	0
10.15	0
10.155	0
10.16	0
10.165	0
10.17	0
10.175	1
10.18	0
10.185	0
10.19	0
10.195	0
10.2	1
10.205	0
10.21	0
10.215	0
10.22	1
10.225	0
10.23	0
10.235	0
10.24	0
10.245	0
10.25	0
10.255	0
10.26	0
10.265	0
10.27	0
10.275	0
10.28	0
10.285	0
10.29	2
10.295	0
10.3	0
10.305	0
10.31	0
10.315	0
10.32	0
10.325	0
10.33	0
10.335	0
10.34	0
10.345	1
10.35	0
10.355	0
10.36	0
10.365	1
10.37	0
10.375	0
10.38	0
10.385	0
10.39	0
10.395	0
10.4	0
10.405	0
10.41	0
10.415	1
10.42	0
10.425	1
10.43	0
10.435	0
10.44	0
10.445	0
10.45	0
10.455	0
10.46	0
10.465	0
10.47	0
10.475	1
10.48	0
10.485	0
10.49	0
10.495	0
10.5	0
10.505	0
10.51	0
10.515	0
10.52	0
10.525	0
10.53	0
10.535	0
10.54	0
10.545	0
10.55	0
10.555	1
10.56	0
10.565	0
10.57	0
10.575	0
10.58	0
10.585	1
10.59	0
10.595	0
10.6	0
10.605	0
10.61	0
10.615	0
10.62	0
10.625	0
10.63	0
10.635	0
10.64	0
10.645	0
10.65	0
10.655	0
10.66	0
10.665	1
10.67	0
10.675	0
10.68	0
10.685	0
10.69	0
10.695	0
10.7	0
10.705	0
10.71	0
10.715	0
10.72	0
10.725	0
10.73	0
10.735	0
10.74	0
10.745	0
10.75	0
10.755	0
10.76	0
10.765	0
10.77	0
10.775	0
10.78	0
10.785	0
10.79	0
10.795	0
10.8	0
10.805	0
10.81	0
10.815	0
10.82	0
10.825	0
10.83	1
10.835	0
10.84	0
10.845	0
10.85	0
10.855	0
10.86	0
10.865	0
10.87	0
10.875	0
10.88	0
10.885	0
10.89	0
10.895	0
10.9	0
10.905	0
10.91	0
10.915	0
10.92	0
10.925	1
10.93	0
10.935	0
10.94	0
10.945	0
10.95	0
10.955	0
10.96	0
10.965	0
10.97	0
10.975	0
10.98	0
10.985	0
10.99	0
10.995	0
11	0
11.005	0
11.01	0
11.015	0
11.02	0
11.025	0
11.03	0
11.035	0
11.04	0
11.045	0
11.05	0
11.055	0
11.06	0
11.065	0
11.07	0
11.075	0
11.08	0
11.085	0
11.09	1
11.095	1
11.1	0
11.105	0
11.11	0
11.115	0
11.12	0
11.125	0
11.13	0
11.135	0
11.14	0
11.145	1
11.15	0
11.155	0
11.16	0
11.165	0
11.17	0
11.175	0
11.18	1
11.185	0
11.19	0
11.195	0
11.2	0
11.205	0
11.21	0
11.215	0
11.22	0
11.225	0
11.23	0
11.235	0
11.24	0
11.245	0
11.25	1
11.255	0
11.26	0
11.265	0
11.27	0
11.275	0
11.28	0
11.285	0
11.29	0
11.295	0
11.3	0
11.305	0
11.31	0
11.315	0
11.32	0
11.325	1
11.33	0
11.335	0
11.34	0
11.345	0
11.35	0
11.355	0
11.36	0
11.365	0
11.37	0
11.375	0
11.38	0
11.385	0
11.39	0
11.395	0
11.4	0
11.405	0
11.41	0
11.415	0
11.42	0
11.425	0
11.43	1
11.435	0
11.44	0
11.445	1
11.45	0
11.455	0
11.46	0
11.465	0
11.47	0
11.475	0
11.48	0
11.485	0
11.49	0
11.495	0
11.5	0
11.505	0
11.51	0
11.515	1
11.52	0
11.525	0
11.53	0
11.535	0
11.54	0
11.545	0
11.55	0
11.555	0
11.56	0
11.565	0
11.57	0
11.575	0
11.58	0
11.585	1
11.59	0
11.595	0
11.6	0
11.605	0
11.61	1
11.615	0
11.62	0
11.625	0
11.63	0
11.635	0
11.64	0
11.645	1
11.65	0
11.655	0
11.66	0
11.665	0
11.67	0
11.675	0
11.68	0
11.685	0
11.69	0
11.695	0
11.7	0
11.705	0
11.71	0
11.715	0
11.72	0
11.725	0
11.73	1
11.735	0
11.74	0
11.745	1
11.75	0
11.755	0
11.76	0
11.765	0
11.77	1
11.775	0
11.78	0
11.785	0
11.79	0
11.795	1
11.8	0
11.805	0
11.81	0
11.815	0
11.82	0
11.825	0
11.83	0
11.835	0
11.84	0
11.845	0
11.85	0
11.855	0
11.86	0
11.865	0
11.87	0
11.875	0
11.88	0
11.885	0
11.89	0
11.895	0
11.9	0
11.905	0
11.91	0
11.915	0
11.92	0
11.925	0
11.93	1
11.935	0
11.94	0
11.945	0
11.95	0
11.955	0
11.96	0
11.965	0
11.97	0
11.975	1
11.98	0
11.985	0
11.99	0
11.995	0
12	0
12.005	0
12.01	0
12.015	0
12.02	0
12.025	0
12.03	0
12.035	0
12.04	0
12.045	0
12.05	0
12.055	0
12.06	0
12.065	0
12.07	0
12.075	0
12.08	0
12.085	0
12.09	0
12.095	0
12.1	0
12.105	0
12.11	0
12.115	0
12.12	0
12.125	0
12.13	0
12.135	0
12.14	0
12.145	0
12.15	0
12.155	0
12.16	0
12.165	0
12.17	0
12.175	0
12.18	0
12.185	0
12.19	0
12.195	0
12.2	0
12.205	0
12.21	0
12.215	0
12.22	0
12.225	0
12.23	0
12.235	0
12.24	0
12.245	0
12.25	0
12.255	0
12.26	0
12.265	0
12.27	0
12.275	0
12.28	0
12.285	0
12.29	0
12.295	0
12.3	0
12.305	0
12.31	0
12.315	1
12.32	0
12.325	0
12.33	0
12.335	0
12.34	0
12.345	0
12.35	0
12.355	0
12.36	0
12.365	0
12.37	0
12.375	0
12.38	0
12.385	0
12.39	0
12.395	0
12.4	0
12.405	0
12.41	1
12.415	0
12.42	0
12.425	0
12.43	0
12.435	0
12.44	0
12.445	0
12.45	0
12.455	0
12.46	0
12.465	0
12.47	0
12.475	0
12.48	0
12.485	0
12.49	0
12.495	0
12.5	0
12.505	0
12.51	0
12.515	0
12.52	0
12.525	0
12.53	0
12.535	0
12.54	0
12.545	0
12.55	0
12.555	0
12.56	0
12.565	0
12.57	0
12.575	0
12.58	0
12.585	0
12.59	0
12.595	0
12.6	0
12.605	0
12.61	0
12.615	0
12.62	0
12.625	0
12.63	0
12.635	0
12.64	0
12.645	0
12.65	0
12.655	0
12.66	0
12.665	0
12.67	0
12.675	0
12.68	0
12.685	0
12.69	1
12.695	0
12.7	0
12.705	0
12.71	0
12.715	0
12.72	0
12.725	0
12.73	0
12.735	0
12.74	0
12.745	0
12.75	0
12.755	0
12.76	0
12.765	0
12.77	0
12.775	0
12.78	0
12.785	0
12.79	0
12.795	0
12.8	1
12.805	0
12.81	0
12.815	0
12.82	0
12.825	0
12.83	0
12.835	0
12.84	0
12.845	0
12.85	0
12.855	0
12.86	0
12.865	0
12.87	0
12.875	0
12.88	0
12.885	0
12.89	0
12.895	0
12.9	0
12.905	0
12.91	0
12.915	0
12.92	0
12.925	0
12.93	0
12.935	0
12.94	0
12.945	0
12.95	0
12.955	0
12.96	0
12.965	0
12.97	0
12.975	0
12.98	0
12.985	0
12.99	0
12.995	0
13	0
13.005	0
13.01	0
13.015	0
13.02	0
13.025	0
13.03	0
13.035	0
13.04	0
13.045	0
13.05	0
13.055	0
13.06	0
13.065	0
13.07	0
13.075	0
13.08	0
13.085	0
13.09	0
13.095	0
13.1	0
13.105	0
13.11	0
13.115	0
13.12	0
13.125	0
13.13	0
13.135	0
13.14	0
13.145	0
13.15	1
13.155	0
13.16	0
13.165	0
13.17	0
13.175	0
13.18	0
13.185	0
13.19	0
13.195	0
13.2	0
13.205	0
13.21	0
13.215	0
13.22	0
13.225	0
13.23	0
13.235	0
13.24	0
13.245	0
13.25	0
13.255	0
13.26	0
13.265	0
13.27	0
13.275	0
13.28	0
13.285	0
13.29	0
13.295	0
13.3	0
13.305	0
13.31	0
13.315	0
13.32	0
13.325	0
13.33	0
13.335	0
13.34	0
13.345	0
13.35	0
13.355	0
13.36	0
13.365	0
13.37	0
13.375	0
13.38	0
13.385	0
13.39	0
13.395	0
13.4	0
13.405	0
13.41	0
13.415	0
13.42	0
13.425	0
13.43	0
13.435	0
13.44	0
13.445	0
13.45	0
13.455	0
13.46	0
13.465	0
13.47	0
13.475	0
13.48	0
13.485	0
13.49	0
13.495	0
13.5	0
13.505	0
13.51	0
13.515	0
13.52	0
13.525	0
13.53	0
13.535	0
13.54	0
13.545	0
13.55	0
13.555	0
13.56	0
13.565	0
13.57	0
13.575	0
13.58	0
13.585	0
13.59	0
13.595	0
13.6	0
13.605	0
13.61	0
13.615	0
13.62	0
13.625	0
13.63	0
13.635	0
13.64	0
13.645	0
13.65	0
13.655	0
13.66	0
13.665	0
13.67	0
13.675	0
13.68	0
13.685	0
13.69	0
13.695	0
13.7	0
13.705	0
13.71	0
13.715	0
13.72	0
13.725	0
13.73	0
13.735	0
13.74	0
13.745	0
13.75	0
13.755	0
13.76	0
13.765	0
13.77	0
13.775	0
13.78	0
13.785	0
13.79	0
13.795	0
13.8	0
13.805	0
13.81	0
13.815	0
13.82	0
13.825	0
13.83	0
13.835	0
13.84	0
13.845	0
13.85	0
13.855	0
13.86	0
13.865	0
13.87	0
13.875	0
13.88	0
13.885	1
13.89	0
13.895	0
13.9	0
13.905	0
13.91	0
13.915	0
13.92	0
13.925	0
13.93	0
13.935	0
13.94	0
13.945	0
13.95	0
13.955	0
13.96	0
13.965	0
13.97	0
13.975	0
13.98	0
13.985	0
13.99	1
13.995	0
14	0
14.005	0
14.01	0
14.015	0
14.02	0
14.025	0
14.03	0
14.035	0
14.04	0
14.045	0
14.05	0
14.055	0
14.06	0
14.065	0
14.07	0
14.075	0
14.08	0
14.085	0
14.09	0
14.095	0
14.1	0
14.105	0
14.11	1
14.115	0
14.12	0
14.125	0
14.13	0
14.135	0
14.14	0
14.145	0
14.15	0
14.155	0
14.16	1
14.165	0
14.17	0
14.175	0
14.18	0
14.185	0
14.19	0
14.195	0
14.2	0
14.205	0
14.21	0
14.215	0
14.22	0
14.225	0
14.23	0
14.235	0
14.24	0
14.245	0
14.25	0
14.255	0
14.26	0
14.265	0
14.27	0
14.275	0
14.28	0
14.285	0
14.29	0
14.295	0
14.3	0
14.305	0
14.31	0
14.315	0
14.32	0
14.325	0
14.33	0
14.335	0
14.34	0
14.345	0
14.35	0
14.355	0
14.36	0
14.365	0
14.37	0
14.375	0
14.38	0
14.385	0
14.39	0
14.395	0
14.4	0
14.405	0
14.41	0
14.415	0
14.42	0
14.425	0
14.43	0
14.435	0
14.44	0
14.445	0
14.45	0
14.455	0
14.46	0
14.465	0
14.47	0
14.475	0
14.48	0
14.485	0
14.49	0
14.495	0
14.5	0
14.505	0
14.51	0
14.515	0
14.52	0
14.525	0
14.53	0
14.535	1
14.54	0
