Time/(s)	Counts
0	59
1	58
2	48
3	44
4	54
5	66
6	42
7	50
8	55
9	51
10	59
11	43
12	62
13	51
14	53
15	50
16	48
17	60
18	33
19	51
20	47
21	53
22	40
23	43
24	52
25	53
26	63
27	56
28	49
29	51
30	64
31	43
32	65
33	38
34	41
35	50
36	52
37	44
38	53
39	63
40	64
41	49
42	52
43	53
44	54
45	47
46	60
47	54
48	49
49	62
50	55
51	43
52	62
53	47
54	62
55	54
56	64
57	49
58	44
59	48
60	47
61	48
62	52
63	50
64	51
65	49
66	43
67	57
68	49
69	41
70	57
71	59
72	50
73	55
74	52
75	53
76	51
77	48
78	47
79	60
80	55
81	50
82	43
83	126
84	47
85	54
86	63
87	66
88	55
89	55
90	54
91	45
92	50
93	132
94	53
95	61
96	56
97	50
98	54
99	49
100	64
101	59
102	42
103	44
104	67
105	38
106	68
107	52
108	63
109	56
110	60
111	72
112	49
113	43
114	41
115	60
116	53
117	50
118	60
119	46
120	51
121	56
122	61
123	89
124	51
125	61
126	54
127	57
128	52
129	37
130	58
131	72
132	53
133	64
134	47
135	52
136	44
137	59
138	65
139	56
140	46
141	58
142	48
143	49
144	53
145	61
146	47
147	57
148	53
149	63
150	48
151	41
152	50
153	40
154	53
155	58
156	56
157	55
158	47
159	56
160	53
161	59
162	43
163	47
164	46
165	61
166	52
167	36
168	58
169	45
170	47
171	44
172	62
173	43
174	50
175	56
176	50
177	67
178	50
179	50
180	72
181	41
182	49
183	33
184	51
185	53
186	54
187	52
188	59
189	52
190	47
191	45
192	59
193	53
194	54
195	51
196	56
197	65
198	47
199	51
200	64
201	49
202	62
203	53
204	53
205	58
206	58
207	65
208	41
209	49
210	55
211	49
212	48
213	50
214	57
215	34
216	46
217	56
218	50
219	50
220	47
221	41
222	57
223	54
224	49
225	50
226	40
227	58
228	42
229	48
230	45
231	44
232	47
233	44
234	59
235	57
236	52
237	48
238	50
239	45
240	50
241	60
242	46
243	54
244	51
245	52
246	49
247	45
248	47
249	63
250	57
251	54
252	42
253	60
254	44
255	49
256	49
257	51
258	48
259	55
260	65
261	42
262	56
263	48
264	59
265	59
266	51
267	59
268	50
269	41
270	49
271	51
272	38
273	52
274	56
275	57
276	46
277	54
278	47
279	59
280	47
281	62
282	64
283	59
284	52
285	38
286	49
287	46
288	55
289	62
290	60
291	42
292	47
293	47
294	50
295	51
296	56
297	48
298	53
299	65
