Time/(s)	Counts
0	44
1	55
2	55
3	52
4	55
5	64
6	57
7	54
8	63
9	49
10	48
11	63
12	53
13	48
14	71
15	63
16	52
17	56
18	57
19	51
20	59
21	54
22	67
23	51
24	65
25	51
26	58
27	46
28	67
29	52
30	60
31	69
32	61
33	55
34	56
35	63
36	51
37	54
38	53
39	55
40	46
41	65
42	58
43	52
44	64
45	46
46	50
47	45
48	63
49	67
50	60
51	43
52	62
53	66
54	66
55	65
56	66
57	51
58	42
59	52
60	68
61	63
62	41
63	60
64	62
65	51
66	54
67	49
68	55
69	64
70	85
71	66
72	60
73	58
74	58
75	53
76	72
77	62
78	58
79	54
80	55
81	48
82	52
83	145
84	69
85	61
86	62
87	66
88	61
89	58
90	47
91	59
92	61
93	57
94	47
95	58
96	59
97	59
98	133
99	62
100	63
101	37
102	64
103	66
104	60
105	55
106	65
107	54
108	50
109	51
110	53
111	62
112	57
113	63
114	49
115	63
116	65
117	53
118	74
119	65
120	50
121	65
122	57
123	57
124	48
125	65
126	50
127	71
128	55
129	62
130	63
131	59
132	68
133	53
134	49
135	68
136	60
137	85
138	51
139	57
140	60
141	48
142	72
143	50
144	70
145	53
146	59
147	63
148	45
149	61
150	58
151	49
152	54
153	57
154	56
155	51
156	49
157	50
158	54
159	59
160	50
161	52
162	63
163	56
164	57
165	55
166	58
167	53
168	63
169	58
170	55
171	52
172	52
173	55
174	54
175	66
176	70
177	58
178	58
179	63
180	44
181	65
182	48
183	80
184	57
185	69
186	56
187	70
188	65
189	60
190	47
191	47
192	48
193	52
194	51
195	62
196	63
197	55
198	123
199	54
200	72
201	60
202	52
203	57
204	57
205	54
206	44
207	55
208	59
209	62
210	58
211	72
212	67
213	47
214	54
215	36
216	60
217	52
218	57
219	66
220	49
221	65
222	57
223	60
224	49
225	61
226	59
227	36
228	59
229	57
230	54
231	47
232	71
233	48
234	59
235	52
236	68
237	46
238	56
239	52
240	76
241	57
242	50
243	55
244	57
245	66
246	63
247	48
248	54
249	58
250	61
251	59
252	57
253	53
254	69
255	46
256	66
257	51
258	51
259	59
260	70
261	60
262	56
263	48
264	68
265	46
266	55
267	68
268	60
269	58
270	54
271	51
272	71
273	52
274	48
275	67
276	55
277	56
278	51
279	56
280	52
281	51
282	51
283	57
284	124
285	63
286	62
287	47
288	59
289	39
290	57
291	56
292	53
293	72
294	64
295	51
296	59
297	54
298	58
299	54
300	62
301	58
302	71
303	51
304	53
305	51
306	55
307	68
308	61
309	67
310	58
311	63
312	52
313	53
314	57
315	52
316	63
317	73
318	47
319	58
320	67
321	58
322	52
323	97
324	54
325	57
326	52
327	62
328	66
329	53
330	48
331	58
332	71
333	72
334	58
335	55
336	62
337	46
338	66
339	71
340	60
341	77
342	55
343	60
344	59
345	49
346	42
347	55
348	67
349	57
350	56
351	57
352	51
353	71
354	58
355	58
356	66
357	72
358	59
359	61
360	55
361	47
362	60
363	66
364	52
365	62
366	50
367	51
368	54
369	56
370	55
371	67
372	57
373	52
374	51
375	50
376	62
377	48
378	64
379	60
380	59
381	66
382	57
383	52
384	56
385	55
386	60
387	56
388	60
389	53
390	63
391	61
392	56
393	58
394	62
395	69
396	64
397	43
398	53
