Time/(s)	Counts
0	60
1	68
2	62
3	56
4	45
5	60
6	47
7	60
8	72
9	50
10	64
11	69
12	74
13	48
14	63
15	63
16	61
17	60
18	45
19	60
20	53
21	51
22	46
23	70
24	49
25	48
26	67
27	53
28	55
29	63
30	65
31	52
32	60
33	64
34	59
35	58
36	53
37	59
38	61
39	46
40	43
41	67
42	63
43	55
44	50
45	63
46	73
47	49
48	51
49	53
50	62
51	57
52	45
53	52
54	66
55	50
56	63
57	56
58	63
59	63
60	45
61	51
62	57
63	68
64	69
65	51
66	122
67	67
68	64
69	47
70	56
71	59
72	55
73	78
74	79
75	58
76	62
77	60
78	59
79	54
80	63
81	58
82	63
83	62
84	53
85	62
86	75
87	72
88	65
89	47
90	63
91	61
92	60
93	59
94	56
95	59
96	54
97	64
98	88
99	62
100	67
101	80
102	49
103	55
104	56
105	59
106	74
107	58
108	66
109	62
110	64
111	64
112	65
113	62
114	54
115	64
116	78
117	38
118	65
119	59
120	63
121	72
122	60
123	74
124	104
125	54
126	57
127	61
128	59
129	71
130	45
131	37
132	58
133	63
134	49
135	60
136	63
137	72
138	65
139	58
140	63
141	50
142	52
143	49
144	52
145	53
146	62
147	65
148	42
149	53
150	63
151	69
152	50
153	60
154	57
155	58
156	53
157	67
158	69
159	66
160	59
161	54
162	60
163	54
164	50
165	56
166	62
167	65
168	60
169	53
170	62
171	52
172	76
173	51
174	57
175	70
176	63
177	57
178	54
179	63
180	66
181	81
182	74
183	57
184	58
185	63
186	62
187	49
188	62
189	54
190	47
191	65
192	52
193	64
194	54
195	49
196	56
197	80
198	57
199	82
200	66
201	58
202	62
203	56
204	65
205	50
206	58
207	60
208	62
209	53
210	74
211	62
212	69
213	50
214	81
215	63
216	65
217	36
218	57
219	53
220	66
221	42
222	53
223	63
224	63
225	62
226	63
227	53
228	54
229	47
230	75
231	63
232	56
233	76
234	56
235	47
236	59
237	53
238	70
239	58
240	65
241	58
242	60
243	61
244	65
245	58
246	66
247	62
248	72
249	58
250	55
251	66
252	58
253	71
254	74
255	51
256	66
257	56
258	63
259	68
260	50
261	49
262	66
263	65
264	53
265	45
266	68
267	58
268	62
269	51
270	53
271	59
272	50
273	56
274	54
275	57
276	69
277	67
278	70
279	55
280	49
281	57
282	66
283	63
284	73
285	68
286	69
287	62
288	59
289	60
290	49
291	60
292	52
293	55
294	54
295	59
296	54
297	62
298	63
299	58
300	77
