Rate/(1/s)	Counts
0	0
1	0
2	0
3	0
4	0
5	0
6	0
7	0
8	0
9	0
10	0
11	0
12	0
13	0
14	0
15	0
16	0
17	0
18	0
19	0
20	0
21	0
22	0
23	0
24	0
25	0
26	0
27	0
28	0
29	0
30	0
31	0
32	0
33	0
34	0
35	0
36	0
37	0
38	0
39	0
40	0
41	0
42	0
43	0
44	0
45	0
46	0
47	0
48	0
49	0
50	0
51	0
52	0
53	1
54	0
55	0
56	0
57	2
58	1
59	0
60	4
61	2
62	5
63	5
64	4
65	2
66	4
67	4
68	4
69	3
70	8
71	11
72	9
73	7
74	12
75	14
76	11
77	16
78	12
79	3
80	17
81	9
82	14
83	13
84	10
85	9
86	10
87	7
88	7
89	7
90	1
91	8
92	6
93	3
94	6
95	4
96	3
97	5
98	2
99	1
100	1
101	4
102	0
103	0
104	2
105	0
106	0
107	0
108	0
109	0
110	0
111	0
112	1
113	0
114	1
115	0
116	0
117	0
118	0
119	0
120	0
121	0
122	0
123	0
124	1
125	1
126	0
127	0
128	0
129	0
130	0
131	1
132	0
133	0
134	0
135	0
136	0
137	0
138	0
139	0
140	0
141	0
142	0
143	1
144	0
145	0
146	0
147	0
148	1
149	0
