Time/(s)	Counts
0	64
1	53
2	89
3	85
4	91
5	77
6	77
7	75
8	94
9	89
10	67
11	85
12	94
13	84
14	71
15	83
16	73
17	70
18	89
19	62
20	75
21	91
22	86
23	81
24	86
25	97
26	84
27	104
28	68
29	77
30	75
31	95
32	88
33	78
34	99
35	74
36	62
37	70
38	81
39	81
40	83
41	67
42	104
43	72
44	74
45	75
46	88
47	84
48	70
49	73
50	75
51	80
52	78
53	94
54	85
55	71
56	80
57	81
58	98
59	72
60	67
61	83
62	93
63	73
64	70
65	57
66	60
67	80
68	89
69	82
70	89
71	148
72	76
73	71
74	90
75	76
76	80
77	92
78	77
79	94
80	66
81	124
82	77
83	78
84	64
85	71
86	84
87	83
88	97
89	97
90	84
91	87
92	87
93	81
94	86
95	73
96	74
97	61
98	87
99	95
100	81
101	86
102	66
103	96
104	77
105	72
106	91
107	80
108	74
109	71
110	73
111	74
112	63
113	65
114	72
115	61
116	89
117	76
118	101
119	78
120	80
121	80
122	76
123	76
124	70
125	60
126	131
127	85
128	85
129	74
130	97
131	92
132	79
133	82
134	84
135	86
136	62
137	93
138	83
139	85
140	69
141	84
142	62
143	97
144	80
145	80
146	92
147	75
148	83
149	98
150	74
151	101
152	78
153	75
154	101
155	69
156	80
157	83
158	100
159	86
160	72
161	70
162	81
163	80
164	75
165	87
166	82
167	71
168	82
169	86
170	80
171	78
172	91
173	80
174	82
175	77
176	79
177	85
178	74
179	62
180	82
181	75
182	72
183	88
184	70
185	89
186	77
187	82
188	63
189	76
190	67
191	74
192	73
193	68
194	68
195	82
196	74
197	114
198	78
199	74
200	70
201	76
202	94
203	80
204	83
205	82
206	64
207	82
208	71
209	78
210	76
211	71
212	65
213	88
214	88
215	83
216	88
217	143
218	75
219	92
220	63
221	81
222	85
223	76
224	72
225	66
226	78
227	95
228	82
229	95
230	77
231	68
232	66
233	72
234	112
235	83
236	58
237	57
238	63
239	74
240	60
241	77
242	78
243	91
244	86
245	77
246	81
247	91
248	83
249	71
250	77
251	75
252	82
253	86
254	87
255	76
256	92
257	92
258	84
259	87
260	69
261	77
262	94
263	101
264	82
265	77
266	71
267	79
268	78
269	125
270	71
271	96
272	77
273	86
274	75
275	91
276	72
277	80
278	93
279	64
280	83
281	80
282	84
283	83
284	77
285	73
286	91
287	87
288	96
289	76
290	60
291	78
292	63
293	75
294	84
295	82
296	80
297	85
298	88
299	75
